#proba
bprobabonsingletrial=[0.0381,0.0751,0.1128,0.1481,0.1846]


#these are the successes by trials
#subtract1
[(238.0, 3162.0), (393.0, 3162.0), (517.0, 3162.0), (647.0, 3162.0), (759.0, 3162.0)]
2.42071*10^-22    2.69955*10^-22	9.64164*10^-18	7.53647*10^-18	  4.79106*10^-15

#subtract2
[(435.0, 3162.0), (652.0, 3162.0), (831.0, 3162.0), (985.0, 3162.0), (1104.0, 3162.0)]
1.43918*10^-115

#subtract3
[(609.0, 3162.0), (876.0, 3162.0), (1058.0, 3162.0), (1202.0, 3162.0), (1319.0, 3162.0)]
7.84227*10^-237

#subtract4
[(723.0, 3162.0), (1008.0, 3162.0), (1212.0, 3162.0), (1353.0, 3162.0), (1463.0, 3162.0)]
2.919682*10^-331

#subtract5
[(789.0, 3162.0), (1091.0, 3162.0), (1300.0, 3162.0), (1435.0, 3162.0), (1544.0, 3162.0)]
1.232825*10^-390

#subtract6
[(837.0, 3162.0), (1156.0, 3162.0), (1355.0, 3162.0), (1492.0, 3162.0), (1592.0, 3162.0)]
7.8150*10^-436